B001 14.12;17.06 14.12;41.76 24.70;41.76 24.70;24.12 31.76;24.12 31.76;17.06 14.12;17.06
B002 14.12;41.76 14.12;52.35 49.41;52.35 49.41;34.70 38.82;34.70 38.82;41.76 14.12;41.76
B003 38.82;34.70 49.41;34.70 49.41;17.06 31.76;17.06 31.76;24.12 38.82;24.12 38.82;34.70
B004 14.12;59.41 14.12;80.58 24.70;80.58 24.70;59.41 14.12;59.41
B005 31.76;80.58 49.41;80.58 49.41;73.53 38.82;73.53 38.82;66.47 49.41;66.47 49.41;59.41 31.76;59.41 31.76;80.58
B006 60.00;70.00 70.58;80.58 91.76;59.41 81.17;48.82 74.11;55.88 81.17;62.94 74.11;70.00 67.06;62.94 60.00;70.00
B007 63.53;45.29 70.58;45.29 77.64;38.23 77.64;34.70 70.58;34.70 70.58;27.65 77.64;27.65 77.64;24.12 70.58;17.06 63.53;17.06 63.53;45.29
B008 88.23;41.76 98.82;52.35 105.88;45.29 95.29;34.70 88.23;41.76
B009 84.70;24.12 98.82;24.12 98.82;17.06 84.70;17.06 84.70;24.12
B010 63.53;59.41 70.58;59.41 70.58;52.35 63.53;52.35 63.53;59.41

56.47;13.53 a8-b0-bd-3b-97-3d;17.1985 98-11-3b-60-40-98;339.5777
42.35;13.53 98-11-3b-60-40-98;3.0448 58-1e-65-33-a2-8f;285.9454
28.23;13.53 58-1e-65-33-a2-8f;303.6901
14.12;13.53 58-1e-65-33-a2-8f;26.5651
10.59;24.12 58-1e-65-33-a2-8f;116.5651
10.59;38.23 98-11-3b-60-40-98;75.8219 58-1e-65-33-a2-8f;158.1986
10.59;52.35 98-11-3b-60-40-98;99.5601 58-1e-65-33-a2-8f;167.4712
10.59;66.47
10.59;80.58
24.70;84.11
38.82;84.11
52.94;84.11
67.06;84.11
81.17;84.11
91.76;73.53 d0-4e-92-1d-70-01;191.3099
98.82;66.47 d0-4e-92-1d-70-01;206.5651
109.41;55.88 d0-4e-92-1d-70-01;234.4623
109.41;41.76 d0-4e-92-1d-70-01;261.8699
109.41;27.65 d0-4e-92-1d-70-01;293.1986
109.41;13.53 d0-4e-92-1d-70-01;315.0000
95.29;13.53 d0-4e-92-1d-70-01;336.8014
81.17;13.53 a8-b0-bd-3b-97-3d;332.3540 d0-4e-92-1d-70-01;8.1301
67.06;13.53 a8-b0-bd-3b-97-3d;357.2737 d0-4e-92-1d-70-01;35.5377
56.47;17.06 a8-b0-bd-3b-97-3d;19.3590 98-11-3b-60-40-98;337.3801 d0-4e-92-1d-70-01;53.1301
56.47;31.18 a8-b0-bd-3b-97-3d;37.4054 98-11-3b-60-40-98;321.4993 d0-4e-92-1d-70-01;75.9638
56.47;45.29 a8-b0-bd-3b-97-3d;102.9946 98-11-3b-60-40-98;276.5198 d0-4e-92-1d-70-01;104.0362
56.47;59.41 a8-b0-bd-3b-97-3d;150.5241 98-11-3b-60-40-98;224.1931 d0-4e-92-1d-70-01;126.8699
56.47;73.53 a8-b0-bd-3b-97-3d;163.1786 98-11-3b-60-40-98;204.7273
